-7.457192107677076365e+02
-9.896771963720377698e+02
-1.016974964773795932e+03
-1.045076732966492727e+03
-1.067722882420310953e+03
-1.170938369856343343e+03
-9.103784855128326399e+02
-1.446966622363624765e+03
-1.195809916167845813e+03
-1.466805041855324589e+03
-1.403660853190013313e+03
-1.353490353219115150e+03
-1.377332192045366583e+03
-1.351110374114239448e+03
-1.359470168812941893e+03
-1.355906291874662656e+03
-1.347166321404766904e+03
-1.601190078930316076e+03
-1.261920785453335611e+03
-1.385606413657425037e+03
-1.332625333758353008e+03
-1.351803162391445312e+03
-1.218738892725803680e+03
-1.218068156335682943e+03
-1.477054025028640808e+03
-1.437070115388850809e+03
-1.464067585195243055e+03
-1.554680346960305314e+03
-1.552160221282406383e+03
-1.576726174715463685e+03
-1.558362506309141054e+03
-1.369520204565299764e+03
-1.568188162553575694e+03
-1.455608717982588814e+03
-1.490461211199142099e+03
-1.451896617306977305e+03
-1.529556949431715793e+03
-1.365021246292853903e+03
-1.517341377079360427e+03
-1.501396500654957208e+03
-1.483701674551629367e+03
-1.463342741130742752e+03
-1.405085820213668740e+03
-1.506704332255087593e+03
-1.527604712214123765e+03
-1.459587628804696124e+03
-1.501941684407478988e+03
-1.410306639002868678e+03
-1.450965460240581024e+03
-1.543029264104615777e+03
-1.510010106971078130e+03
-1.564684074356930068e+03
-1.564008595642145792e+03
-1.551240501263138185e+03
-1.438779709391066490e+03
-1.375680627082563433e+03
-1.415158185384203307e+03
-1.177504184570115513e+03
-1.301514217903107465e+03
-1.413044104335385782e+03
-1.335596647864670103e+03
-1.244004718101650951e+03
-1.245331214953444942e+03
-1.554048818167098489e+03
-1.396901301614652994e+03
-1.358356501882689599e+03
-1.526130021724520475e+03
-1.445634461723477216e+03
-1.504371358760130761e+03
-1.490714390312833757e+03
-1.492732150541569126e+03
-1.478521019444236799e+03
-1.531805020939794076e+03
-1.572211637833376244e+03
-1.441800314546672780e+03
-1.402196755035717160e+03
-1.561166167690055545e+03
-1.402547093401189386e+03
-1.319531524555467513e+03
-1.432985183120908459e+03
-1.437046069250480741e+03
-1.450524799942644904e+03
-1.379529453189315973e+03
-1.430520140334681628e+03
-1.335035317069410667e+03
-1.567027664860151617e+03
-1.429217759596513133e+03
-1.549727503301549405e+03
-1.415533937442065280e+03
-1.408277249073974417e+03
-1.534431912367228506e+03
-1.507379102592833760e+03
-1.554737608642760961e+03
-1.432604784648732675e+03
-1.435930959131867894e+03
-1.357415038432322490e+03
-1.446894113040444381e+03
-1.559604978796665137e+03
-1.557071455724001453e+03
-1.544304005184119433e+03
-1.476922691803087218e+03
-1.417751438675432382e+03
-1.563718182587049114e+03
-1.497708010793757239e+03
-1.562383996615302294e+03
-1.547294099159063308e+03
-1.425803343602681707e+03
-1.449842868186919532e+03
-1.463612929800393658e+03
-1.432258982189072640e+03
-1.347406795723895129e+03
-1.273967975494936582e+03
-1.255331950055574680e+03
-1.251427649429022495e+03
-1.427271360289699032e+03
-1.344978916320517783e+03
-1.392968934745511888e+03
-1.284615068423184084e+03
-1.361143161661355862e+03
-1.287788463759134629e+03
-1.301867309711800090e+03
-1.243428707082224264e+03
-1.209968638371939278e+03
-1.011215459086190663e+03
-1.329189595685219047e+03
-1.170069838840862076e+03
-1.265945274017633892e+03
-1.045489916390508597e+03
-1.011967503595928747e+03
-1.501652021648273603e+03
-1.330172188613975322e+03
-1.390161796174628762e+03
-1.338501254432582982e+03
-1.033876778579136271e+03
-1.805085974419384456e+03
-1.352973279457797389e+03
-1.215278732925348777e+03
-1.572641238343380564e+03
-1.426704886728930205e+03
-1.504820732743387907e+03
-1.177998619253967945e+03
-1.300243527243574817e+03
-1.520790432361249941e+03
-1.543797540838160558e+03
-1.254524215071344543e+03
-1.452872957796639867e+03
-1.255601993638058730e+03
-1.259420330538810049e+03
-1.568167025495062262e+03
-1.350864266734096191e+03
-1.436371684135874602e+03
-1.469755794844025104e+03
-1.267399555229013458e+03
-1.566864320446669581e+03
-1.543623350418246673e+03
-1.556617782226538338e+03
-1.496305511224944894e+03
-1.333190018614509199e+03
-1.529167616789909061e+03
-1.486447823649123393e+03
-1.364587174048888983e+03
-1.544736772179926902e+03
-1.112532074930909175e+03
-1.433477837544284512e+03
-1.375580626985451772e+03
-1.226391201157777687e+03
-1.270427429592422868e+03
-1.338037886299913680e+03
-1.534740492750616340e+03
-1.266106126891089389e+03
-1.325525322645035658e+03
-1.556321456813562008e+03
-1.509714310244559329e+03
-1.408144598839146283e+03
-1.380358629927645552e+03
-1.285516535448209424e+03
-1.268892572946328983e+03
-1.339114657515579211e+03
-1.378663879070982375e+03
-1.446197023270907721e+03
-1.340188282818302923e+03
-1.397193099944141522e+03
-1.546321480631036820e+03
-1.340398945626364139e+03
-1.548931327534615548e+03
-1.388163024752751653e+03
-1.497546384414988324e+03
-1.543250572226574832e+03
-1.496910205974983228e+03
-1.559665943198745936e+03
-1.560798294663637080e+03
-1.296864844223063301e+03
-1.559296730278689438e+03
-1.317641801738174763e+03
-1.367083454139080459e+03
-1.184723574128477594e+03
-1.370403082387611676e+03
-1.296120142911042649e+03
-1.544966413365965536e+03
-1.524939877392636390e+03
-1.554449235636123376e+03
-1.372161462850090402e+03
-1.289306496948348240e+03
-1.536349569005452850e+03
-1.308409169779966760e+03
-1.549636158870177042e+03
-1.289781722610600582e+03
-1.347417283851305911e+03
-1.374777191935798328e+03
-1.547563115697308376e+03
-1.470634487349788287e+03
-1.356905396607530065e+03
-1.576650860311783845e+03
-1.384944237151839843e+03
-1.453799651328292612e+03
-1.217978049178359242e+03
-1.273448570033714759e+03
-1.300313886413339333e+03
-1.499349452046759325e+03
-1.560755784380022760e+03
-1.292834352521430674e+03
-1.301900511574757957e+03
-1.333997422300846893e+03
-1.540243949537863273e+03
-1.535503888478732051e+03
-1.558098226444077682e+03
-1.558365375937446061e+03
-1.256487979649218232e+03
-1.550439798797492585e+03
-1.474450601886196864e+03
-1.280189468807902131e+03
-1.537740060868494311e+03
-1.574243287258259443e+03
-1.363233146128835187e+03
-1.541344186006419250e+03
-1.229990100513653488e+03
-1.525926709674113226e+03
-1.335751450432560432e+03
-1.438391639148796230e+03
-1.301184813373292855e+03
-1.325315736739278009e+03
-1.093847963854140744e+03
-1.389703904419988476e+03
-1.337436536059812397e+03
-1.359489091825967762e+03
-1.528809801950530300e+03
-1.429454121046647970e+03
-1.411123255121151715e+03
-1.548785307147071990e+03
-1.372061220064796089e+03
-1.563219297216942778e+03
-1.573203483033343900e+03
-1.509926025735766416e+03
-1.331246052019089802e+03
-1.351380661050658318e+03
-1.339587552399918195e+03
-1.530500960292634090e+03
-1.346305128186661250e+03
-1.573718933779193776e+03
-1.281098391078624218e+03
-1.304807851589152506e+03
-1.480833201649964394e+03
-1.548837373886555270e+03
-1.321536451293717391e+03
-1.299035288942723582e+03
-1.215981124170357589e+03
-1.537738278518085508e+03
-1.324596442566177984e+03
-1.223285671567559575e+03
-1.558100598843445141e+03
-1.571668203132508097e+03
-1.416553184130248155e+03
-1.270798076805052915e+03
-1.545542182267270846e+03
-1.454651140027659494e+03
-1.259791424744069673e+03
-1.309511339475071281e+03
-1.186800957801398908e+03
-9.591177509611611640e+02
-1.315160451086030207e+03
-1.388921217035664995e+03
-9.683066567230594046e+02
-1.388544023947834603e+03
-1.288450833181695543e+03
-1.173041271556410493e+03
-1.494453302243127155e+03
-1.366104743304917292e+03
-1.224818781015648028e+03
-1.256687138637095813e+03
-1.322697691331321266e+03
-1.299229198612778191e+03
-1.176230528274929156e+03
-1.206123873154666171e+03
-1.168752521875387856e+03
-1.406948907138001914e+03
-1.186609909363085535e+03
-1.050490772470430784e+03
-1.252442785908915312e+03
-1.394926460796802985e+03
-9.972645050232881658e+02
-1.365858208185946069e+03
-1.344114272286498817e+03
-1.315727513149086462e+03
-1.025918597648699688e+03
-8.889357763109637744e+02
-1.244690366981779789e+03
-1.202279720900581651e+03
-9.191898339404194758e+02
-1.263614237522875328e+03
-1.300117328306183708e+03
-1.405745044302552742e+03
-9.196049844386554923e+02
-9.230999852019003811e+02
-1.246816234088377541e+03
-1.184483582485295074e+03
-1.296667096266065300e+03
-1.427477697558492764e+03
-1.329120640523017073e+03
-1.360795647466497030e+03
-1.483833718469641326e+03
-8.652059123252437303e+02
-1.296011232094019761e+03
-1.476520795551204856e+03
-1.318500038718113501e+03
-1.281866550518945814e+03
-1.241701920993877820e+03
-1.248410737564345254e+03
-1.308849344643412905e+03
-1.189527376737565646e+03
-1.200058717435495055e+03
-1.134805660884440840e+03
-1.313490399556713783e+03
-1.178829491031028510e+03
-1.551972373007220540e+03
-1.316799910300900592e+03
-1.587376653717233921e+03
-1.239969856147896735e+03
-1.254121997096700397e+03
-1.372902353579247801e+03
-1.366687612195987185e+03
-1.303741592298208161e+03
-1.376308713514756846e+03
-1.298969337664651448e+03
-1.577490498638670715e+03
-1.431262751619497521e+03
-1.574023932573632919e+03
-1.342128136883003663e+03
-1.511873004568275519e+03
-1.270960276239839686e+03
-1.351197333868205988e+03
-1.564661612057035882e+03
-1.478457484672255532e+03
-1.473366339494422164e+03
-1.368190212469192375e+03
-1.339593694464794453e+03
-1.525654054605357032e+03
-1.559595233433300336e+03
-1.287117360782029664e+03
-1.262511985405276164e+03
-1.133104115551016775e+03
-1.386628129432430569e+03
-1.132314367322665703e+03
-1.296766922384700365e+03
-1.176792796632336831e+03
-1.063069427205361535e+03
-1.044961198920530023e+03
-1.011793319745578970e+03
-1.236618318981603124e+03
-1.075490574080285569e+03
-1.094037720663573737e+03
-1.095674500012162298e+03
-1.169496548650050272e+03
-1.074218670985995686e+03
-1.033901561088383914e+03
-1.285850531665688777e+03
-9.239271350920946588e+02
-1.333388645380603521e+03
-1.352304190335869407e+03
-1.361384324774318657e+03
-1.042073791322286752e+03
-9.835039971445125957e+02
-1.284002386111609894e+03
-1.400038733125174986e+03
-1.370355679249454852e+03
-9.162487575924222938e+02
-1.417891000627522089e+03
-9.495068320115650522e+02
-1.254467333268153425e+03
-1.039396132850957656e+03
-1.382414752385139764e+03
-1.319359211068669310e+03
-1.307241413696069003e+03
-7.826595370861674610e+02
-1.056209988335672506e+03
-9.121338160700305480e+02
-9.208084906355378507e+02
-1.153863791365053203e+03
-1.196395995631417236e+03
-1.328037403779346960e+03
-1.348354930099927515e+03
-7.833551578322188789e+02
-1.133615212297654580e+03
-1.163705221052686056e+03
-1.287607466103999286e+03
-1.269123996212504608e+03
-1.221725792522527854e+03
-1.213183926822307285e+03
-1.197360014414346551e+03
-1.202478235435837405e+03
-1.053236579418827432e+03
-1.049662255327731373e+03
-1.148237549165189648e+03
-1.150927460304206079e+03
-1.102765328832138721e+03
-8.775653796621000993e+02
-9.807896916073063949e+02
-1.211443689961545033e+03
-1.056505669828385408e+03
-9.998137148788484865e+02
-1.170181422751595164e+03
-1.280872449264109264e+03
-9.055428861591403802e+02
-1.061557015306018684e+03
-9.207162161635211532e+02
-1.149481752350243141e+03
-9.206906938317349613e+02
-9.658001670689349112e+02
-9.132523644000754075e+02
-1.059172635655511158e+03
-1.066388167655395819e+03
-9.711147013251953695e+02
-1.118295011443225803e+03
-1.352199016470798597e+03
-1.068738070935023188e+03
-1.319780874470149911e+03
-1.266483102259687712e+03
-1.232017330339386035e+03
-1.170989673709318140e+03
-1.152211060119451531e+03
-1.276759221204752293e+03
-1.258907148810990520e+03
-1.150308573965772212e+03
-1.203439586537919695e+03
-1.268349673725929506e+03
-1.245667805564682567e+03
-1.271896551542635052e+03
-1.272962496648142405e+03
-1.274000898988749668e+03
-1.269301207939299502e+03
-1.216721907129397550e+03
-1.273569698626874924e+03
-1.378794973324540024e+03
-1.416312843059188026e+03
-1.378075545255143879e+03
-1.378497147328973369e+03
-1.400322137256680662e+03
-1.308684815300340688e+03
-1.331206044249857769e+03
-1.246048303086613942e+03
-1.296301541202887620e+03
-1.450873948521462580e+03
-1.354791395740400731e+03
-1.487713004795404686e+03
-1.533773112842311320e+03
-1.363634160849391492e+03
-1.455973328904719665e+03
-1.446684809010207800e+03
-1.461345591720708398e+03
-1.578341224639029861e+03
-1.546204909159236195e+03
-1.372451947698390768e+03
-1.554265636647900010e+03
-1.433831421058268916e+03
-1.480313799433565919e+03
-1.453866663976647715e+03
-1.570533688184531456e+03
-1.478163507777092036e+03
-1.546156573105165080e+03
-1.438703092089952861e+03
-1.307123757730933221e+03
-1.434584927113754247e+03
-1.502989864119324920e+03
-1.537044476094405354e+03
-1.359133097291196691e+03
-1.491436280222037112e+03
-1.485291795450438030e+03
-1.552040616010197937e+03
-1.303879629954769143e+03
-1.577119885559289287e+03
-1.427163923712457517e+03
-1.365314765966845243e+03
-1.482008299857224756e+03
-1.308132129658805525e+03
-1.344011740491645014e+03
-1.440402898891188670e+03
-1.442783815855702414e+03
-1.626570728707947637e+03
-1.515581564850650693e+03
-1.456482666504512054e+03
-1.328220037266425379e+03
-1.574360883431485036e+03
-1.345274844596345019e+03
-1.409725891344852243e+03
-1.477384377418514305e+03
-1.578412806985028283e+03
-1.437524408492399743e+03
-1.368575009938446328e+03
-1.515388712693697698e+03
-1.197178753143615722e+03
-1.444664362848587189e+03
-1.464860065519579393e+03
-1.515001678267877196e+03
-1.352401349009531032e+03
-1.442485090335476343e+03
-1.392017674161996865e+03
-1.278456928631913343e+03
-1.297462037938027834e+03
-1.340149763710589696e+03
-1.466438624788311472e+03
-1.385821833526799765e+03
-1.422814027589118041e+03
-1.447892417740908741e+03
-1.456921629778793431e+03
-1.269019644298719413e+03
-1.351155982462385737e+03
-1.377602136151549985e+03
-1.412255196444536523e+03
-1.363054949873376472e+03
-1.197700247666432460e+03
-1.425072875049291270e+03
-1.397781827083442295e+03
-1.329946179500726430e+03
-1.305336863867421471e+03
-1.336370451237463840e+03
-1.396410509073473577e+03
-1.224716860478370336e+03
-1.177546929035765061e+03
-1.358366394397901331e+03
-1.299419329802201901e+03
-1.138009402423212805e+03
-1.410687394340185165e+03
-1.381654046272035885e+03
-1.353619413714801567e+03
-1.240291888498391472e+03
-1.262019715794545391e+03
-8.715094864952437774e+02
-1.317556420183858563e+03
-1.001930387053854361e+03
-1.389957106164083825e+03
-1.376900563939627546e+03
-1.296780088846394165e+03
-1.084515010411964795e+03
-1.336965756664301580e+03
-1.142339954115283945e+03
-1.203538314254819397e+03
-1.277850549227059901e+03
-1.037073818278039880e+03
-8.947971529091536240e+02
-1.167712687517153881e+03
-1.072720039036258186e+03
-1.155362681049806952e+03
-1.229592629040227848e+03
-1.231955235294367640e+03
-1.171618829844416950e+03
-1.144338469391977696e+03
-1.035786881469276750e+03
-1.101000391410262409e+03
-1.065828993309084581e+03
-9.690033494392775992e+02
-7.662310294137541860e+02
-1.078436720063584744e+03
-9.064386174309717035e+02
-1.089404676508375360e+03
-1.327646655058620354e+03
-9.650349572456300393e+02
-1.118871629410922878e+03
-1.238145472935148973e+03
-8.811624951149875642e+02
-1.412192737983870757e+03
-9.811062211647825961e+02
-1.047041103128665782e+03
-1.307923613723146900e+03
-9.697385862124447158e+02
-8.821091762155668903e+02
-1.070734754113671897e+03
-1.485249058683688418e+03
-1.403669709119008985e+03
-1.169888472962146352e+03
-1.325804015493057705e+03
-1.296170344157387262e+03
-1.413762747720206789e+03
-8.970080101707163749e+02
-1.145954814676451633e+03
-1.160732967705697774e+03
-1.243372084282405694e+03
-1.097845794974277851e+03
-1.155514139722261234e+03
-1.337016503088220588e+03
-1.455603905166116647e+03
-1.125408677100351497e+03
-1.066155679159317970e+03
-9.486986857173692442e+02
-1.275515788298393318e+03
-9.125054180270983579e+02
-1.107980221477969280e+03
-1.295736131921369179e+03
-9.938672556353784557e+02
-1.055671781134427192e+03
-1.460075858426539298e+03
-1.269390779102993520e+03
-1.389794685997024771e+03
-1.514100694394066295e+03
-1.557120862030496028e+03
-1.540109396373729396e+03
-1.484488342654442931e+03
-1.536583750143480756e+03
-1.460485563720198570e+03
-1.555705917825196593e+03
-1.431510216515697721e+03
-1.351704830581130182e+03
-1.510681904423407559e+03
-1.539909620627639697e+03
-1.416124252178125289e+03
-1.404803784402722840e+03
-1.460927971029949731e+03
-1.321422516236739966e+03
-1.409801190060096587e+03
-1.415752509074468662e+03
-1.458854767146568975e+03
-1.389684385018717194e+03
-1.407016375922535417e+03
-1.549810069267050721e+03
-1.443017054696965488e+03
-1.520699446963035825e+03
-1.465085093091465296e+03
-1.572113490544031492e+03
-1.420851929716829318e+03
-1.536066645815663378e+03
-1.355714401619172577e+03
-1.552106961324418762e+03
-1.577908649009527835e+03
-1.385895611228008420e+03
-1.566092312805366646e+03
-1.563847433361587264e+03
-1.496585565502429972e+03
-1.479296421740536289e+03
-1.561447390031914210e+03
-1.459129971722752316e+03
-1.492621272228416956e+03
-1.458228317400494461e+03
-1.516238803295745129e+03
-1.496469959015446648e+03
-1.449510137504538761e+03
-1.454990182146732195e+03
-1.485235050299767181e+03
-1.426748503006695955e+03
-1.518072883314293904e+03
-1.466488443650830050e+03
-1.581016794483666445e+03
-1.528041446163336559e+03
-1.431734653822085420e+03
-1.518894379976833989e+03
-1.560987650822026580e+03
-1.520394452253956160e+03
-1.563510141134709784e+03
-1.546542108207151387e+03
-1.486698855455635112e+03
-1.563125233021354916e+03
-1.461682296699890912e+03
-1.559934416632238481e+03
-1.426504665824276117e+03
-1.367639366210483558e+03
-1.366691321610511295e+03
-1.513311930628103937e+03
-1.532855963795368552e+03
-1.483331090580966247e+03
-1.437174436648161191e+03
-1.444162635060092953e+03
-1.403472525649249292e+03
-1.064383627728178226e+03
-1.267490942003989630e+03
-1.275816137432782398e+03
-1.209167776133089774e+03
-1.032365376022011333e+03
-1.053099852929550480e+03
-9.136941466133965832e+02
-1.308107811032931522e+03
-1.285033885566327626e+03
-1.292233047583702273e+03
-1.039824777029159577e+03
-1.025555161717221836e+03
-1.269431123154052784e+03
-1.353819832788720078e+03
-1.363105055892229984e+03
-1.161702921216468440e+03
-1.274207359794030253e+03
-1.248460531039003854e+03
-1.302387895614872377e+03
-1.204938190619093803e+03
-1.273038429718880934e+03
-1.059329302233296858e+03
-9.405163415974508325e+02
-9.145002696831927551e+02
-1.299444103308096828e+03
-1.268319364635139664e+03
-1.078240237429609579e+03
-1.281349528106326034e+03
-1.267275877752855195e+03
-1.252810669767563468e+03
-1.465398992554697088e+03
-1.178770112969809816e+03
-1.046619477882854653e+03
-1.428497240603253658e+03
-1.289307447846103514e+03
-1.406434278252786498e+03
-1.358335615085367408e+03
-1.320171216880281008e+03
-1.515693040096349478e+03
-1.435395950247693008e+03
-1.222743448608752942e+03
-1.010448420599953806e+03
-1.393572446785429747e+03
-1.089027853380877332e+03
-1.194040567042512976e+03
-1.394199314861636594e+03
-1.357220913377561146e+03
-1.455530574158251511e+03
-1.271224570160186431e+03
-1.388953826708213455e+03
-1.249648373095579018e+03
-1.326051869711287964e+03
-9.153632206069789845e+02
-1.270779765988874942e+03
-1.148096854321903493e+03
-1.065617703706651582e+03
-1.203657655944650969e+03
-1.341833474758573402e+03
-1.163216284394955437e+03
-1.108109290503737839e+03
-1.202392353735157485e+03
-9.036578032900825974e+02
-1.306377290348865927e+03
-1.286546004030130007e+03
-1.231892335295745170e+03
-1.277734555748365437e+03
-1.247087333053969815e+03
-1.315672924258612966e+03
-1.377800691748679583e+03
-1.299956267408149415e+03
-1.258543002621713640e+03
-1.258820486509732063e+03
-1.210328397657911410e+03
-1.287960068388293394e+03
-1.331453026682471318e+03
-1.288351948530361369e+03
-1.444441085256994484e+03
-1.351396602133700753e+03
-1.302166496441913296e+03
-9.093194128794807511e+02
-8.048209718301662861e+02
-1.264229854444751027e+03
-1.079159610804018257e+03
-1.173896924840600832e+03
-1.410334703290897551e+03
-1.322346769518968131e+03
-1.270762786186372523e+03
-1.319759572224245403e+03
-1.273408956633307525e+03
-1.067511111225573813e+03
-1.448790722833897689e+03
-1.436918972030521218e+03
-1.361111374994291964e+03
-1.466830949907134027e+03
-9.357454228705942114e+02
-1.322138184293699624e+03
-1.358814026698704765e+03
-1.501635538352486947e+03
-1.437275613139031520e+03
-1.294885185542635327e+03
-1.406149230642574594e+03
-1.265137166030538765e+03
-1.348613332957995681e+03
-1.161252249656144841e+03
-1.208732678431326121e+03
-1.509790512418673416e+03
-1.507768272501935371e+03
-1.390746791865069326e+03
-1.052137067309089389e+03
-1.586555729876577061e+03
-1.460514692345036110e+03
-1.482224810319048629e+03
-1.431742405765229478e+03
-1.317696931824359353e+03
-1.419958728914110225e+03
-1.039332495672678078e+03
-1.035271400218797908e+03
-1.211369831314171734e+03
-1.394998077590227695e+03
-1.452555746893107880e+03
-1.229512889211819811e+03
-1.507862611679307975e+03
-8.499474134243095023e+02
-1.589852585983308472e+03
-1.380827094794829918e+03
-1.305251975796844135e+03
-1.448712585227112868e+03
-1.455849294113436827e+03
-1.431415162902866768e+03
-1.316714740110236107e+03
-1.158162315253003044e+03
-1.306329123716311642e+03
-1.444107993837393906e+03
-1.408013401894333811e+03
-1.327738011716587835e+03
-1.487237294980698152e+03
-1.297668004781968193e+03
-1.344469222692788662e+03
-1.309123390154651588e+03
-1.489243030261563035e+03
-1.587256747817139740e+03
-8.820037138693950283e+02
-1.565447072040743251e+03
-1.187536184241854471e+03
-1.404622350284743789e+03
-1.445814814704733635e+03
-1.517862936550007362e+03
-1.288562212951124366e+03
-1.393658795540144183e+03
-1.417374666829831995e+03
-1.423041091248028351e+03
-1.265187813012223842e+03
-1.452089928270462224e+03
-1.330685295570437347e+03
-1.302225802576007709e+03
-1.297270073201537343e+03
-1.288575046817126577e+03
-1.367870297930897323e+03
-1.290342397968647447e+03
-1.283636337985804857e+03
-1.499197714252372180e+03
-1.367007882140975653e+03
-1.376901588571048933e+03
-1.220252450046319382e+03
-1.166664369130779050e+03
-1.232844217556163130e+03
-1.288761567958748174e+03
-9.642624875068640904e+02
-1.358327973653931394e+03
-1.342162017417079824e+03
-1.244192607092806611e+03
-1.261328367180441091e+03
-1.218307508152195396e+03
-9.760109991764597908e+02
-1.059474867837822785e+03
-7.621659009239742772e+02
-8.905727430042998094e+02
-1.155664017369514113e+03
-1.261865419681506637e+03
-1.173013725850413948e+03
-1.240135355618155700e+03
-1.286565814197125064e+03
-1.151732969116610775e+03
-1.508746055272229796e+03
-1.147897459041279490e+03
-1.457844163737695908e+03
-1.181306566729974065e+03
-1.606322715207659030e+03
-1.348085014557024351e+03
-1.401594196208405037e+03
-1.006898570745865982e+03
-1.242411365469739167e+03
-1.258283208422498319e+03
-1.006158690571637976e+03
-1.420435062337640602e+03
-1.251335664605660213e+03
-1.321554393694322698e+03
-8.974158327897903291e+02
-1.371026308064390150e+03
-1.404750389058370502e+03
-1.419569250602450666e+03
-1.417898427758973639e+03
-1.059432649027342677e+03
-1.162926233966886230e+03
-1.150224223841087223e+03
-1.341312675083824843e+03
-9.829541585831534576e+02
-1.242416424078938235e+03
-1.056102021686079070e+03
-1.252650186526392645e+03
-1.161077157778173159e+03
-6.333560168625542701e+02
-8.383559965328613544e+02
-1.031731244710822011e+03
-1.454249614329520000e+03
-1.389127802897641914e+03
-1.168741962024570057e+03
-1.152839387250329992e+03
-1.369482727756128725e+03
-1.257859865110975989e+03
-1.399993527303559631e+03
-1.234324105463857904e+03
-1.286403560823004682e+03
-1.504799275535996003e+03
-1.279687158471832163e+03
-1.215499669081169259e+03
-1.504359604082681244e+03
-1.214277544845396051e+03
-1.075787396872764702e+03
-1.244851614441397260e+03
-1.240271730798590397e+03
-1.167465953999120529e+03
-1.238723591710210030e+03
-1.323546739826659859e+03
-1.392631811532826077e+03
-1.363991127875091252e+03
-1.370807325074193159e+03
-1.392037660489064820e+03
-1.676615924976903443e+03
-1.463578970834989377e+03
-1.282195369805994460e+03
-1.342686059009847440e+03
-1.064900986358851014e+03
-1.388784804482220352e+03
-1.065083947423298014e+03
-1.421015732006780581e+03
-1.387224063758218790e+03
-1.418196592629479937e+03
-1.393215888890542146e+03
-1.353126652562079698e+03
-1.477274377245021469e+03
-1.046901601878051451e+03
-1.371704980013127170e+03
-1.391014974437876162e+03
-1.047906057782936387e+03
-1.405277519674411451e+03
-1.431969125289119802e+03
-1.665634021033147292e+03
-1.300095103321755687e+03
-1.646757335956482848e+03
-1.737924479667258765e+03
-1.518729392649822330e+03
-1.654587189487045407e+03
-1.621957182030374270e+03
-1.293896416334976720e+03
-1.039762190156318184e+03
-1.394987820896446920e+03
-1.514260639561156268e+03
-1.328912854204532778e+03
-1.595440737263369101e+03
-1.459395000014572815e+03
-1.313191129723740460e+03
-1.316569793459438870e+03
-1.374320593463445221e+03
-1.562268234818113569e+03
-1.302095803697218571e+03
-1.456737318713104287e+03
-1.159363321625666913e+03
-1.242741206973648559e+03
-1.303859116527441302e+03
-1.326001687497908506e+03
-1.052571587688371437e+03
-1.330970813281038090e+03
-1.486039811027016412e+03
-1.433617529754672660e+03
-1.532128785041874607e+03
-1.656585202871365027e+03
-1.837125094098312047e+03
-1.542206251369548909e+03
-1.458193361332723953e+03
-1.511488424480108961e+03
-1.101275405770148609e+03
-1.418954449662060824e+03
-1.027161639717318849e+03
-1.542085846154177943e+03
-1.453351559633244278e+03
-1.490707830324605538e+03
-1.307131662598995035e+03
-1.272101009054812721e+03
-1.620307991879472638e+03
-1.401372865147936636e+03
-1.393631303397949523e+03
-1.480448849070091001e+03
-1.439338863434215455e+03
-1.590576260724588565e+03
-1.492275362340739093e+03
-8.966783737468873596e+02
-1.380691811086843927e+03
-1.438415505612771085e+03
-1.375748519850386174e+03
-1.878350357386552787e+03
-1.587341546546545715e+03
-1.434614767869148409e+03
-1.431922364892693622e+03
-1.814476685651686012e+03
-1.451429337348715535e+03
-1.358849400954750990e+03
-1.696175541262807656e+03
-1.316347707625772955e+03
-1.041281456566407996e+03
-1.129333298816185334e+03
